40 20
27 67 107 147 51 91 131 171 75 115 155 195 99 139 179 219 123 163 203 243 200
27 47 87 127 51 71 111 151 75 95 135 175 99 119 159 199 123 143 183 223 200
47 27 67 107 71 51 91 131 95 75 115 155 119 99 139 179 143 123 163 203 200
67 27 47 87 91 51 71 111 115 75 95 135 139 99 119 159 163 123 143 183 200
87 47 27 67 111 71 51 91 135 95 75 115 159 119 99 139 183 143 123 163 200
107 67 27 47 131 91 51 71 155 115 75 95 179 139 99 119 203 163 123 143 200
127 87 47 27 151 111 71 51 175 135 95 75 199 159 119 99 223 183 143 123 200
147 107 67 27 171 131 91 51 195 155 115 75 219 179 139 99 243 203 163 123 200
33 73 113 153 21 61 101 141 45 85 125 165 69 109 149 189 93 133 173 213 200
33 53 93 133 21 41 81 121 45 65 105 145 69 89 129 169 93 113 153 193 200
53 33 73 113 41 21 61 101 65 45 85 125 89 69 109 149 113 93 133 173 200
73 33 53 93 61 21 41 81 85 45 65 105 109 69 89 129 133 93 113 153 200
93 53 33 73 81 41 21 61 105 65 45 85 129 89 69 109 153 113 93 133 200
113 73 33 53 101 61 21 41 125 85 45 65 149 109 69 89 173 133 93 113 200
133 93 53 33 121 81 41 21 145 105 65 45 169 129 89 69 193 153 113 93 200
153 113 73 33 141 101 61 21 165 125 85 45 189 149 109 69 213 173 133 93 200
63 103 143 183 39 79 119 159 15 55 95 135 39 79 119 159 63 103 143 183 200
63 83 123 163 39 59 99 139 15 35 75 115 39 59 99 139 63 83 123 163 200
83 63 103 143 59 39 79 119 35 15 55 95 59 39 79 119 83 63 103 143 200
103 63 83 123 79 39 59 99 55 15 35 75 79 39 59 99 103 63 83 123 200
123 83 63 103 99 59 39 79 75 35 15 55 99 59 39 79 123 83 63 103 200
143 103 63 83 119 79 39 59 95 55 15 35 119 79 39 59 143 103 63 83 200
163 123 83 63 139 99 59 39 115 75 35 15 139 99 59 39 163 123 83 63 200
183 143 103 63 159 119 79 39 135 95 55 15 159 119 79 39 183 143 103 63 200
93 133 173 213 69 109 149 189 45 85 125 165 21 61 101 141 33 73 113 153 200
93 113 153 193 69 89 129 169 45 65 105 145 21 41 81 121 33 53 93 133 200
113 93 133 173 89 69 109 149 65 45 85 125 41 21 61 101 53 33 73 113 200
133 93 113 153 109 69 89 129 85 45 65 105 61 21 41 81 73 33 53 93 200
153 113 93 133 129 89 69 109 105 65 45 85 81 41 21 61 93 53 33 73 200
173 133 93 113 149 109 69 89 125 85 45 65 101 61 21 41 113 73 33 53 200
193 153 113 93 169 129 89 69 145 105 65 45 121 81 41 21 133 93 53 33 200
213 173 133 93 189 149 109 69 165 125 85 45 141 101 61 21 153 113 73 33 200
123 163 203 243 99 139 179 219 75 115 155 195 51 91 131 171 27 67 107 147 200
123 143 183 223 99 119 159 199 75 95 135 175 51 71 111 151 27 47 87 127 200
143 123 163 203 119 99 139 179 95 75 115 155 71 51 91 131 47 27 67 107 200
163 123 143 183 139 99 119 159 115 75 95 135 91 51 71 111 67 27 47 87 200
183 143 123 163 159 119 99 139 135 95 75 115 111 71 51 91 87 47 27 67 200
203 163 123 143 179 139 99 119 155 115 75 95 131 91 51 71 107 67 27 47 200
223 183 143 123 199 159 119 99 175 135 95 75 151 111 71 51 127 87 47 27 200
243 203 163 123 219 179 139 99 195 155 115 75 171 131 91 51 147 107 67 27 200
400 400 400 400 400 400 400 400 400 400 400 400 400 400 400 400 400 400 400 400
